2065708035679408165
2065710728787714450
2065719676114538963
2065735807562838320
2065767993636762022
2065781949206036954
2065801786326446280
2065803402463126011
2065804036276637934
2065805370321244381
2065805777097412661
2065807595823362230
2065808435535290770
2065812866759081986
2065816040089821527
2065817615256395829
2065819669454270533
2065820756571734339
2065829070684742041
2065831602341429667
2065837653283463649
2065846466980266392
2065846554494386393
2065846847986708846
2065854570991956278
2065857926686966048
2065874343687557229
2065892892669862218
2065901823144132948
2065902632137547910
2065904212030992387
2065920907135385846
2066053103028494353
2066057636869550569
2066079246770909424
2066098554116976847
2066116203211317489
2066123570351108547
2066144805466341393
2066156659383136453
2066157434985435275
2066159126296580549
2066164779618537811
2066165022238072950
2066168268306383093
2066190046818902038
2066191726243615163
2066192736441487860
2066209440076824771
2066209856076304625
2066219987757338824
2066223934664565015
2066225891894607900
2066230275366158502
2066248359384625482
2066262613487673471
2066270164329345513
2066279262479380877
2066283335010209954
2066283435576946924
2066284405820199074
2066295319147507746
2066307871738839381
2066319850419441777
2066330254764048874
2066331911182827955
2066333193179889749
2066348523545653389
2066364480989151458
2066386807407669586
2066386941260476772
2066402932417802583
2066424826244612437
2066427897171353682
2066437703869108246
2066461387367616521
2066469242438860859
2066474777376911774
2066475316139483528
2066477218562449870
2066481537093104118
2066483246536536262
2066491694514946462
2066498869400162578
2066500853708562794
2066503884751700469
2066545682828198017
2066546283825782802
2066549620562366837
2066555392293851330
2066566333580370123
2066602863963549742
2066605953277997426
2066611552669646930
2066611844991627363
2066613879472369967
2066635053199732992
2066665534997832008
2066692667724218394
2066696875932274759
2066701118827377091
2066701455000773059
2066715736865902790
2066718270183665829
2066721117247860896
2066733531318173852
2066737150541140068
2066744513360781486
2066747785496735789
2066758683191828586
2066764505439481945
2066779005492003040
