1546532953029611530
1546534440806696145
1546536969041875044
1546538325551349772
1546540762630464306
1546541681837605005
1546571172240560269
1546742763574403183
1546779195158598343
1546825428210260662
1548947093631012885
1548965368930897931
1548968016975425325
1548973825851673135
1548998157571272001
1549020940564093053
1549067381991673988
1549069798560759839
1549071086346309772
1549092303606644840
1549102193574158367
1549105259794661540
1549120984731095181
1549252093376724995
1549252728654440162
1549253901071687711
1549255403089563791
1549280305406419006
1549293319572693023
