2094000624845111329
2094001221098950877
2094001886332371114
2094005789962760340
2094009567425266507
2097759436676935783
2097763110543294902
2097283660814713105
2097286599016923
2097294013156894979
2098757597847306480
2097294653590561011
2097297978141437
2097305676015894853
2097307592791900401
2097319289258754322
2097322131264864612
2097328330404217231
2097331131318239315
2097334549655
2097335892939776172
2097344325754
2097345033906218
2097347379906
2097348056633409
2097349048370815092
2097350104223076436
2097350809066950737
2097351517413
2097354974267134107
2097362327167262861
2097383243418894458
2097404257377087939
2097454876556267808
2097455651632717920
2097456296826814
2097458211906469956
2097460141158
2097461058633924
2097462016633540
2097465013532225802
2097466057157827617
2097472074690658
2097476126269886
2097478211431361
2097481159932854489
2097483089255539375
2097484009255524
2097484940533540
2097486906779127116
2099149507548311893
2098562543057027288
2098569034400960857
2098574146511004057
2098581081117447398
2098584550029361
2098593130123575750
2098594734130262248
2098599950699446704
2098611060068540545
2098652484747112947
2098655184071033318
2098678172829077811
2098686094040551587
2098703651149672809
2098708744427217117
2098711478891078066
2098717359980863960
2098718763814093084
2098722270629806431
2098724780115476559
2098726188365627721
2098728111719174590
2098753619092787269
2098758567163547691
2098763443100701038
2098770648734507501
2098774154925240583
2098781867814035964
2098795012574077406
2098796479796171194
2098801086832480522
2098803079952974206
2098810333054083074
2098811292966384007
2098816560895005018
2098824212701942155
2098833189441247
2098835033662328998
2098844194060001476
2098845089019601225
2098848222147977299
2098850525722927294
2098850701015167446
2098865529918218751
2098873442506588474
2098883732581101887
2098887854248108189
2097553298383425738
2098889239525982242
2098891670527811730
2098892773646835796
2098896926603088105
2098898130850717836
2098899095800742286
2098901972384440622
2098903912384392
2098909340061110680
2098923228819279978
2098924597408313785
2098933102055633381
2098940269362538
2098942851601553
2098943853338012
2098952167394586923
2098954934192603159
2098956813018296434
2098960198236876858
2098957841029628364
2098977871419064469
2098979675913478474
2098987675457867840
2098989486684189059
2098990988387815721
2098993501874635029
2099022061867802678
2099035992753676391
2099039144353710588
2099039835772047764
2099041301115150732
2099049403654733829
2099062682984821237
2099063404480606435
2099063571980103796
2099070584055374138
2099072051441005023
2099074719287054352
2099101032617849222
2099108350650622188
2099117139361746947
2099128186206323130
2099130338056261924
2099131981858504774
2099138782721142830
2099148491909898351
2099148848849658320
2099156055515140494
2099160106474557607
